48301
48367
48565
48895
49445
49467
49511
49709
49885
49951
50017
50303
50523
50743
50765
50787
50809
50831
50919
51051
51469
51513
51865
52085
52195
52613
52657
52723
53361
53427
53493
53581
53713
53779
53955
54175
54209
54285
54341
54351
54505
54527
55231
55539
55583
55595
55627
55693
55715
55925
55957
56211
56243
56299
56353
56387
56463
56519
57245
57311
57333
57355
57441
57485
57487
57575
57661
57883
57903
57949
58169
58211
58255
58321
58343
58345
58433
58519
58543
58607
58653
58667
58711
58717
58755
58777
58821
58997
59003
59019
59025
59047
59063
59069
59085
59093
59179
59247
59261
59335
59371
59377
59415
59459
59553
59663
59685
59723
59753
59773
59789
59795
59863
59899
59929
60017
60119
60345
60369
60559
60669
60763
60933
60985
61071
61093
61307
61313
61351
61417
61461
61483
61579
61637
61681
61711
61843
61997
62011
62019
62149
62209
62231
62281
62303
62327
62429
62459
62473
62495
62561
62583
62613
62721
62825
62943
62979
63097
63163
63273
63359
63427
63493
63515
63537
63551
63559
63581
63603
63669
63711
63947
64057
64079
64107
64409
64453
64475
64503
64591
64613
64701
64717
64921
64959
65018
65025
65053
65267
65289
65295
65355
65612
65647
65691
65788
65942
65999
66043
66087
66118
66272
66329
66338
66461
66571
66615
66624
66646
66712
66822
66954
67108
67152
67394
67746
67922
67988
68054
68362
68428
68516
68648
68714
68956
68978
69000
69066
69286
69308
70562
70980
71046
71178
71222
71266
71288
71376
71486
71530
71640
